Empty reviews IDs

1436513
13251243
5601743
5904732
6364042
3276286
250983
6059968
3977877
7348110
6939162
12081834
4054079
6377998
8310894
5918944
8801250
4339392
9865550
5702292
13697486
5293067
14137262
14398508
10478553
13000520
1731639
475259
2848330
2848370
2848362
2848393
2848239
11126122
13744821
12843196
14282764
13709092
13642397
4580825
9610609
14572511
220676
5755910
9425902
4558443
10997047
12585455
6939454
13549924
9961767
1166808
9862792
7649517
7919500
7358714
8518665
1277618
13707814
8846202
4879702
9663423
3289921
5352623
453660
12034317
10656576
6444303
8753913
7114655
5067019
10734159
4294557
1174776
9373802
1264217
48612
1498719
1717816
4065578
9809914
8497555
12953937
14367134
13591607
13015353
7194793
14714374
14713259
4868653
13433317
2634361
9958026
9858437
2634499
13969217
12051674
6314998
8757949
13613562
11333422
12308927
7178893
12436115
3917027
14255219
4080000
14296152
2810123
14013583
5620496
7321217
8191739
8191517
13433475
6763785
6778788
8614167
6089196
10379031
1745339
3673104
8704161
4787359
7553969
12069214
9299923
14351036
12563549
6924700
6596242
12363660
2547075
13812075
13730500
9111413
14368660
12432623
6516588
2174476
14823724
4479140
7362715
13751871
14109809
12208806
13994056
11990528
13584884
13624929
6954861
2729015
11147761
14692682
3974503
6131224
890705
1173306
14056340
3765289
13622776
4484747
4484798
3344639
10034592
3415434
4431210
3250739
6887926
13767907
7476936
4503393
13699440
13236936
7454966
12593869
13298546
6843850
11087657
13602808
13942919
13713713
5078127
11008495
13924495
160572
14693220
11020786
12545716
13969106
13864415
13864196
13863117
5851489
12534735
4106372
3353
7283351
6976414
10253416
13450030
13801598
14231732
11530331
13606268
8579799
13019695
4861476
13002808
8758450
5889190
13391054
11343048
6089975
9078482
4032126
13015653
3131519
